[gd_resource type="Skin" format=2]

[resource]
resource_name = "Skin"
bind_count = 18
bind/0/name = "root"
bind/0/bone = -1
bind/0/pose = Transform( 1, 0, -2.38419e-07, 0, 1, 0, 2.38419e-07, 0, 1, 0, -0.69514, 0 )
bind/1/name = "head"
bind/1/bone = -1
bind/1/pose = Transform( 1, 0, -2.38419e-07, 0, 1, 0, 2.38419e-07, 0, 1, 0, -1.18371, 0 )
bind/2/name = "shoulder.L"
bind/2/bone = -1
bind/2/pose = Transform( -0.374297, -0.927309, -7.93487e-07, 0.921809, -0.372077, 0.108749, -0.100844, 0.0407037, 0.994069, 1.09766, 0.440431, -0.0481813 )
bind/3/name = "upperArm.L"
bind/3/bone = -1
bind/3/pose = Transform( -8.19645e-08, -1, -1.11103e-06, 0.995768, 8.95481e-08, -0.0919027, 0.0919026, -1.07666e-06, 0.995768, 1.09534, -0.215629, -0.0458374 )
bind/4/name = "lowerArm.L"
bind/4/bone = -1
bind/4/pose = Transform( 1.06592e-07, -1, -1.1115e-06, 0.995433, 7.47863e-08, 0.0954619, -0.0954619, -1.09293e-06, 0.995433, 1.09534, -0.58031, 0.0635292 )
bind/5/name = "upperHand.L"
bind/5/bone = -1
bind/5/pose = Transform( -0.114006, -0.99348, -1.37884e-06, 0.99348, -0.114006, -4.57346e-08, -1.39364e-07, -1.34516e-06, 1, 1.19529, -0.808362, -0.0262636 )
bind/6/name = "lowerHand.L"
bind/6/bone = -1
bind/6/pose = Transform( -0.121891, -0.992544, -1.11457e-06, 0.992544, -0.121891, -5.22931e-08, -1.11558e-07, -1.08274e-06, 1, 1.20242, -0.89256, -0.0262639 )
bind/7/name = "thumb.L"
bind/7/bone = -1
bind/7/pose = Transform( 1.11659e-06, -1, 0, -2.08616e-07, 3.06967e-08, 1, -1, -1.18878e-06, 0, 1.09534, -0.0262651, 0.939363 )
bind/8/name = "shoulder.R"
bind/8/bone = -1
bind/8/pose = Transform( -0.374297, 0.927309, 7.56234e-07, -0.921809, -0.372077, 0.108749, 0.100844, 0.0407038, 0.994069, -1.09766, 0.440431, -0.0481814 )
bind/9/name = "upperArm.R"
bind/9/bone = -1
bind/9/pose = Transform( -1.21135e-07, 1, 1.1149e-06, -0.995768, -8.28451e-08, -0.0919027, -0.0919026, -1.1038e-06, 0.995768, -1.09534, -0.215628, -0.0458374 )
bind/10/name = "lowerArm.R"
bind/10/bone = -1
bind/10/pose = Transform( 1.06592e-07, 1, 1.1115e-06, -0.995433, -6.02813e-08, 0.095462, 0.095462, -1.08732e-06, 0.995433, -1.09534, -0.58031, 0.0635292 )
bind/11/name = "upperHand.R"
bind/11/bone = -1
bind/11/pose = Transform( -0.114006, 0.99348, 1.37822e-06, -0.99348, -0.114006, -3.06654e-08, 1.32493e-07, -1.35064e-06, 1, -1.19529, -0.808362, -0.0262636 )
bind/12/name = "lowerHand.R"
bind/12/bone = -1
bind/12/pose = Transform( -0.121891, 0.992543, 1.11457e-06, -0.992543, -0.121891, -2.97321e-08, 1.12179e-07, -1.08779e-06, 1, -1.20242, -0.892559, -0.0262639 )
bind/13/name = "thumb.R"
bind/13/bone = -1
bind/13/pose = Transform( 1.11659e-06, 1, 0, -7.45056e-09, 2.33878e-08, 1, 1, -1.05379e-06, 0, -1.09534, -0.0262653, 0.939363 )
bind/14/name = "upperLeg.L"
bind/14/bone = -1
bind/14/pose = Transform( 1, 0, 0, 0, -1, 0, 0, 0, -1, -0.103791, 0.710995, 0.0417607 )
bind/15/name = "lowerLeg.L"
bind/15/bone = -1
bind/15/pose = Transform( 1, 0, 0, 0, -0.940435, -0.339973, 0, 0.339973, -0.940435, -0.103791, 0.383162, -0.0941098 )
bind/16/name = "upperLeg.R"
bind/16/bone = -1
bind/16/pose = Transform( 1, 0, 0, 0, -1, 0, 0, 0, -1, 0.103791, 0.710995, 0.0417607 )
bind/17/name = "lowerLeg.R"
bind/17/bone = -1
bind/17/pose = Transform( 1, 0, 0, 0, -0.940435, -0.339973, 0, 0.339973, -0.940435, 0.103791, 0.383162, -0.0941098 )
